VERZEICHNISS DER EIGENNAMEN.

Aqrafain 245.

Alisaunder 995.

Antore 705. 733; Antores 813.

Arthour 11. 42. 46. 55. 67. 85.
103. 115. 159. 171. 175. 194.
217. 229. 266. 271. 399. 437.
4595 570. 581. 728. 839. 995.
1032. 1036.1254.1268. 1286.
1291. 1376.1530.1594. 1600.
1616. 1743. 2022. 2201. 2204.
2206 2223. 2225; Arthowrs
216. 410. 21423 Arthouris 1139.

Beaufis 26. 66.

Bedlem 885.

Cardevile 845. 858. 1047.

Carlile 1121. 1662.

Carlioune 486.

Glaucias 1031.

Grist 235; J hesu Grist s. Jhesu.

Denis 69.

Desconus s. Libeaus.

Dame d’Amour 1490.

Edward 1764.

Elene 121. 181. 652. 865. 889.
958. 1083. 1162. 1261. 1526.
1570. 1753.

Gawein 8. 94. 191. 242. 253.
21343 Gawez’nis 1736.

Gifflet 1548.1603.1850.

Giffroun 776. 786. 841. 853. 875.
910. 985. 1000.1008.1009.
1016.1022.1027; Giffrouns
869. 955: Giffrounis 1016;

ggqroun Ze fludus 796. 817.

Gile 612. 801. 1114.

Ginyelain 7. 13.

Glastinbery 41.

(ἔσανεν 501.

Ile d’or 1318. 1359.

Irain 1787. 1789. 1807. 1822.
1964. 1974. 1985. 1993. 2023.
2034. 2066. 2146. 2159. 2171.

Irland 1302.

Iwein 244. 262.

Jame 61. 76. 424 637. 700.

J hesus 320. 359. 392. 658. 740.
793. 820. 962. 1820. 1944;
Jhesu 1857. 2151; Jhesu Crist'

John 760. 1777.

June 1303.

Kent 1662.

Lambard 1577. 1654. 1670. 1687.
1699. 1710. 1717. 1726. 1729.
1750. 1755. 1768. 1777. 1831.
1843. 1856. 2155. 2198; Lam·
bardis 1723.

Laumelet 2593 Laumelot 996,-
Launcelet du Lake 1146.

Libeaus 331. 371. 373. 470. 500.
502. 506. 521. 526. 534. 536.
541. 562. 565. 583. 613. 637.
662. 665. 667. 681. 683. 686.
697. 751. 760. 784. 799. 808.

” 824. 829. 844. 862. 886. 892.
901. 1000. 1013. 1015. 1024.
1038. 1048. 1054. 1082. 1095.
1106. 1114. 1129. 1154. 1159.

