 

1172. 1177. 1183. 1194. 1207 .
1243. 1252. 1266. 1277. 1282.

1300. 1309. 1336. 1345. 1375.

1381. 1397. 1402.1409. 1426.
1438.1458.1460.1462.1471.

1480. 1484. 1501.1508. 1537.

1541.1564.1597.1648.1678.
1699. 1706. 1724.173Ο. 1741.
1768. 1771. 1840. 1852. 1861.
1873. 1942. 1945. 1958. 1968.
1969. 1989. 1990. 1995. 1998.
1999. 2005. 2017. 2031. 2032.
, 2053. 2062. 2104. 2110. 2121.
2143. 2149. 2173. 2207; ΙΛ-

bewe 1759. 2015. 2059; Libe·

aus Desconus 80. 205. 295.
319. 340. 358. 368. 391. 404.
· 427. 493. 659. 731. 739. 794.

821. 964. 1558. 1819.
Lite s. Otes.

Maboun 1786.1789.1807.1822.

2014. 2026.
2029. 2038. 2059. 2065. 2158.
2171; Maboum‘s 1811. 1954.

1982. 1993. 2006.

227 —-

Μανία 386. 634. 2160.

Mauyis 1324. 1360. 1381. 1402.
1405. 1414. 1427. 1435. 1440.
1459. 1463.

Μῖιέἢὲἆῑ 785. 856. 1272. 1445.

Otes 11353 Otes de Lize 1063.
1111. 1117. 1298.

Perceval(e) 191. 243. 258. 996.

Salebraunche s. William.

Satan 1181.

Sinadoun(e) 163. 239. 483. 591.
1056. 1284. 1512. 1534. 1554.
1588. 1775. 1799. 2185.

Teodelain 145 ‚· Teodolein 508.

Termaqaunt 1391.

Violette 706. 735.

Wales 1302.

William 325. 341. 343. 346.
350. 382. 385. 406. 410. 418.
421. 457; Williams 378. 380;
William Salebraunche 289.

Wirhale 1068.

